t=5.8, [0.,  1.,   0.,  1.86970813,  0.,  4.98347788,  0.,   17.18408386]
t=6.5, [ 0., 1.,   0.,  2.21468339,  0.,  7.23821954,  0.,    31.00135885]
